Error
Error
Error
Error
Error
Error
Error
Error
Error
Error
Error
Error
Error
Error
Error
Error
Error
Error
Error
Error
Error
Error
Error
Error
2230
Error
Error
Error
Error
Error
Error
Error
Error
1592
958
3910
1155
2305
Error
Error
5929
1885
1485
3580
Error
1783
Error
Error
2176
Error
Error
Error
3679
1352
2357
2871
2523
919
2463
1973
1350
2213
1659
1791
3418
1742
2352
3034
Error
Error
1422
3867
1261
1127
1098
1858
1635
2383
596
961
3187
2287
1502
4104
1560
1179
2047
946
2779
1187
2374
1689
2846
3420
1343
2754
1972
1824
2547
3292
1422
978
2708
3820
1451
1228
841
2382
Error
1627
2025
Error
1978
3184
Error
724
655
1017
2485
1245
3106
1838
877
3570
1179
Error
1497
1470
1238
Error
1264
1760
1152
3553
2764
3043
3089
2498
2274
1169
1943
1744
1254
1647
1903
1209
583
2274
1562
689
2744
1736
1612
1654
2100
1438
1563
1129
1718
2009
2647
1980
966
2390
805
2152
1247
812
1868
1783
1284
1140
Error
Error
2881
2328
3055
1465
1303
2128
1804
2178
Error
5452
1358
1685
1002
2711
3572
1630
1051
2736
1515
2334
1768
1245
1555
1475
1053
981
1412
967
1369
1598
1433
1252
1870
Error
1123
2442
734
1819
1796
1832
868
1001
2246
1275
1817
1203
1303
737
959
1001
1339
3290
1599
1861
1145
764
1331
1786
1930
1810
2300
Error
1813
2413
1963
2669
2542
2071
2327
1995
1435
2242
1973
1530
1919
2818
1409
1913
2215
4157
1079
1899
1377
968
2744
1427
1361
2353
2047
919
1023
1996
Error
753
1960
1752
1120
372
769
1986
1514
929
3225
1091
1031
1134
761
2123
1788
1140
661
2368
2133
906
1938
2137
954
1681
1956
982
1643
1720
1467
1473
1985
2440
1879
1173
1662
919
1750
883
3245
827
1903
525
1102
1039
808
993
1724
700
1985
1575
1215
1705
Error
2689
650
Error
2004
3715
2391
1666
1430
1268
Error
2705
2658
675
962
776
1382
1258
1123
961
1223
Error
2218
1272
861
2935
Error
Error
1618
1289
994
2497
1016
649
1514
2142
967
1378
622
3427
Error
850
2089
2128
520
602
957
Error
468
3208
1515
878
1478
2129
2512
1181
Error
3666
Error
1996
4379
525
1479
Error
525
Error
Error
1182
868
2624
1699
481
1564
914
Error
1204
2535
1182
Error
1029
2150
598
1053
1785
1386
592
4401
970
1583
774
976
2195
1131
641
595
1250
1030
1535
1244
1483
1951
1174
1095
1275
869
1444
1145
Error
538
2818
2290
1793
546
1844
1502
1758
1369
1987
859
Error
1252
858
1440
1740
1283
Error
978
940
790
1505
1303
3607
1451
Error
1373
1300
1131
Error
1008
1996
1583
1191
4309
1437
Error
1647
1310
2258
1410
1687
747
984
1723
1395
1679
2011
702
453
1317
3042
835
2013
789
2262
1061
1318
780
1228
1010
1898
587
Error
1286
848
1163
1606
762
1110
847
355
2070
1011
563
1267
868
Error
1950
1954
1505
808
1183
1301
255
1222
1718
909
804
2945
1260
1192
1158
2202
1593
920
Error
Error
1852
Error
3102
2640
967
973
1853
1257
Error
1252
1657
1560
1904
1219
1460
1481
1353
1090
1538
360
1136
2301
2272
515
687
1170
845
355
1423
1299
460
1034
954
2690
443
1892
Error
1230
507
1232
599
1072
1067
678
1866
1654
1143
1049
1500
1831
1120
Error
1701
709
856
1004
454
812
1729
622
1287
1412
1010
1034
2599
561
820
1108
2035
506
704
469
1865
3168
1007
880
1383
1264
1191
662
935
1333
1247
1776
Error
1477
1565
1667
Error
451
933
1060
1047
2006
1025
1379
775
1092
1564
1631
2258
869
714
943
1026
1059
1209
922
1178
1718
359
838
913
1507
628
1223
660
453
1729
841
1235
1013
989
1410
604
Error
478
1260
1454
1795
1109
1266
1321
1178
799
951
1158
326
870
418
887
936
1649
850
1490
784
1128
1255
325
1264
1376
1269
1835
1138
894
929
1084
2945
Error
1267
768
1246
1348
974
555
322
1177
885
215
Error
1070
1400
484
805
665
487
1596
504
448
Error
885
644
1256
603
919
Error
601
2290
705
1026
1130
917
336
3200
1496
676
1711
637
1147
1283
Error
928
1717
1617
974
1001
475
Error
818
1022
942
962
377
796
775
1399
1208
467
1031
817
2033
3333
792
525
1045
Error
433
1104
603
609
774
1360
478
1275
1612
1258
533
1166
1746
527
1015
Error
1591
1045
1258
Error
391
1868
1334
351
Error
511
340
820
1444
451
267
932
973
558
676
753
1143
820
325
958
1182
914
499
1198
355
488
1175
1232
577
1689
865
424
2054
307
1012
460
1092
713
722
716
705
460
1049
1036
645
563
338
768
951
681
961
1529
548
580
670
1100
477
1062
799
Error
787
769
797
805
352
731
1267
1855
569
980
966
887
479
591
611
656
529
661
1082
595
324
489
1232
1284
Error
244
621
829
249
476
894
415
750
580
381
538
421
276
1303
699
Error
1317
977
613
694
671
669
679
1187
769
1113
1015
648
477
645
1089
855
549
1257
Error
1451
Error
789
1451
198
Error
769
834
Error
1236
652
836
617
584
193
1037
608
998
400
470
500
621
741
1098
528
820
484
923
Error
144
799
665
261
1116
924
895
924
1027
520
722
Error
555
666
1567
1010
354
305
645
691
645
825
509
1175
Error
650
Error
Error
554
678
681
616
534
583
923
711
1001
351
1079
1241
583
1137
627
957
962
825
905
1090
Error
669
620
711
364
530
Error
373
467
1420
Error
446
799
1010
559
Error
780
218
758
Error
455
916
776
704
473
289
1246
372
570
1132
846
751
1212
842
717
549
607
657
1245
772
1539
818
475
431
466
608
Error
Error
1090
662
1105
521
560
Error
338
463
Error
Error
315
406
380
391
522
627
703
646
957
514
279
674
Error
621
241
517
957
226
411
411
Error
690
410
377
408
164
1656
321
344
453
255
361
727
152
577
632
653
493
661
139
373
539
Error
679
404
581
573
743
Error
471
Error
386
899
1009
799
381
Error
400
Error
622
519
371
Error
354
359
Error
758
387
Error
Error
490
Error
Error
Error
Error
550
Error
689
802
518
359
488
955
452
518
437
Error
Error
Error
317
520
1169
Error
553
345
240
424
515
Error
Error
530
660
436
Error
Error
597
511
730
493
Error
318
350
Error
537
414
600
442
Error
560
289
250
385
285
308
535
Error
Error
Error
756
Error
642
259
Error
598
403
Error
746
Error
563
Error
205
Error
645
Error
280
Error
Error
332
Error
643
414
414
Error
Error
Error
551
583
622
435
Error
Error
Error
372
Error
449
270
Error
489
317
380
558
Error
489
Error
Error
Error
537
Error
Error
195
Error
500
516
163
288
521
Error
192
Error
215
Error
Error
255
Error
Error
Error
277
Error
Error
Error
Error
506
274
284
505
Error
572
Error
Error
Error
345
336
Error
290
Error
Error
Error
548
167
412
425
Error
175
540
243
376
431
1384
688
294
Error
1080
1336
1053
741
857
611
413
1401
1334
1082
393
1602
2373
Error
Error
Error
Error
Error
2656
1623
Error
Error
Error
Error
1405
Error
Error
1928
1765
Error
Error
Error
2026
Error
556
Error
272
Error
Error
Error
Error
Error
Error
Error
Error
Error
Error
Error
Error
Error
Error
Error
Error
Error
Error
Error
Error
Error
1306
1212
